[6,-1,-1,-1,-1,-1,8,-1,5,3,2,-1,-1,-1,5,-1,-1,0,-1,-1,5,-1,-1,-1,-1,6,-1,-1,-1,-1,8,-1,-1,4,5,7,-1,8,4,5,7,6,-1,-1,-1,-1,-1,-1,-1,4,-1,-1,8,6,-1,-1,-1,-1,5,-1,-1,-1,3,-1,0,1,-1,-1,-1,5,7,-1,-1,-1,3,4,2,7,-1,-1,-1]

Master
[8,0,2,-1,-1,6,-1,-1,-1,-1,7,6,-1,-1,4,2,-1,1,-1,-1,-1,5,-1,-1,0,-1,-1,-1,-1,1,-1,-1,7,6,-1,3,-1,-1,-1,-1,-1,-1,-1,-1,4,-1,-1,-1,6,5,-1,-1,-1,8,-1,-1,4,-1,-1,-1,8,1,-1,6,1,5,-1,-1,-1,7,-1,-1,-1,-1,-1,1,-1,-1,3,-1,-1]

Xtreme
[-1,-1,-1,-1,-1,-1,0,6,3,-1,1,-1,-1,-1,-1,7,-1,-1,8,7,-1,-1,-1,-1,4,-1,-1,-1,5,2,8,-1,-1,-1,-1,-1,-1,-1,-1,4,-1,-1,-1,3,-1,-1,-1,-1,-1,-1,7,-1,-1,2,0,-1,-1,-1,3,-1,-1,-1,4,6,-1,-1,-1,-1,-1,-1,-1,-1,-1,-1,7,-1,0,6,-1,-1,-1]

****
[8,-1,-1,-1,-1,-1,-1,-1,-1,-1,-1,-1,-1,6,2,-1,0,4,-1,6,-1,8,-1,-1,3,-1,7,-1,-1,-1,-1,7,-1,-1,2,-1,-1,-1,1,-1,-1,5,0,-1,-1,6,-1,5,-1,8,-1,-1,-1,-1,-1,-1,-1,7,-1,-1,-1,5,6,-1,3,0,-1,-1,-1,1,-1,-1,-1,-1,-1,-1,4,-1,-1,-1,-1]

[3,-1,-1,-1,-1,-1,8,2,7,-1,2,1,-1,8,3,0,-1,-1,-1,8,4,2,-1,-1,1,-1,-1,2,6,-1,5,-1,8,-1,-1,3,4,1,8,-1,-1,0,5,6,2,5,-1,3,6,-1,2,-1,8,-1,8,4,6,-1,-1,7,2,-1,-1,-1,-1,2,8,-1,-1,3,-1,-1,1,3,-1,-1,2,-1,6,-1,8]

N-tuplets
[-1,3,8,0,2,1,-1,-1,-1,-1,7,0,3,6,8,-1,-1,-1,2,1,6,5,7,4,8,0,3,-1,8,5,-1,4,0,7,-1,-1,-1,6,4,-1,1,7,-1,-1,-1,-1,2,7,-1,3,5,-1,-1,4,7,4,2,1,5,6,-1,-1,-1,6,0,1,7,8,3,4,5,2,8,5,3,4,0,2,-1,-1,-1]

[-1,2,-1,-1,-1,-1,-1,0,-1,-1,-1,7,-1,8,-1,-1,-1,-1,3,-1,-1,5,-1,7,-1,-1,-1,-1,-1,-1,4,6,5,8,3,-1,-1,-1,-1,8,7,2,4,1,-1,-1,-1,-1,0,1,3,-1,-1,-1,1,6,5,-1,-1,4,0,8,-1,-1,-1,-1,6,-1,8,-1,-1,-1,-1,8,4,-1,-1,-1,3,6,-1]

Hidden tuples / Excluded tuples
[8,-1,0,4,-1,-1,-1,3,5,3,1,4,-1,8,-1,-1,7,0,7,5,-1,-1,0,-1,-1,1,-1,4,-1,1,-1,-1,-1,-1,-1,-1,-1,0,8,-1,-1,-1,3,5,-1,5,-1,-1,-1,-1,-1,-1,-1,1,0,8,5,-1,3,-1,1,4,2,1,-1,-1,-1,5,-1,7,0,6,-1,-1,-1,-1,-1,0,5,8,3]

X-wing N-tuplet
[3,-1,-1,1,6,-1,5,-1,-1,6,8,7,0,4,5,1,2,3,-1,1,-1,7,3,-1,-1,-1,6,1,2,6,3,5,7,8,4,0,7,3,8,4,2,0,6,1,5,4,5,0,6,8,1,7,3,2,-1,7,1,-1,0,4,3,6,8,-1,6,-1,-1,1,3,2,-1,-1,-1,-1,3,-1,7,6,-1,-1,1]
